# Ground truth for ArUco tags in the simulation

tag1: [0.4748,0.0606,0.4058,-0.5000,0.5000,0.5000,-0.5000]
tag2: [0.4742,-0.0593,0.4060,-0.5000,0.5000,0.5000,-0.5000]
tag3: [0.4749,0.0606,0.2256,-0.5000,0.5000,0.5000,-0.5000]
tag4: [0.4719,-0.0581,0.2270,-0.5000,0.5000,0.5000,-0.5000]
#tag5: [0.0000,0.0000,0.0000,-0.5000,0.5000,0.5000,-0.5000]
#tag6: [0.0000,0.0000,0.0000,-0.5000,0.5000,0.5000,-0.5000]
#tag7: [0.0000,0.0000,0.0000,-0.5000,0.5000,0.5000,-0.5000]
#tag8: [0.0000,0.0000,0.0000,-0.5000,0.5000,0.5000,-0.5000]
#tag9: [0.0000,0.0000,0.0000,-0.5000,0.5000,0.5000,-0.5000]
tag10: [0.1896,0.2592,-0.0882,0.00000000,0.00000000,0.70710678,0.70710678]
tag11: [0.4114,0.3470,0.5153,0.5720614,-0.4156269,-0.4156269,0.5720614]
tag12: [0.3353,-0.2747,0.2067,0.4156269,-0.5720614,-0.5720614,0.4156269]
tag13: [0.3751,-0.2351,0.2434,0.00000000,0.00000000,-0.80901699,0.58778525]
tag14: [0.2601,-0.1823,-0.139,0.00000000,0.00000000,-0.70710678,0.70710678]
